# Training ABCD configurations (100 total)
# Each row: [A, B, C, D] positions on 3x3 grid (0-8)
# Grid layout:
#   0 1 2
#   3 4 5
#   6 7 8

  0: [8, 5, 3, 1]
  1: [7, 4, 5, 1]
  2: [5, 1, 4, 8]
  3: [5, 6, 4, 8]
  4: [7, 1, 6, 5]
  5: [4, 2, 6, 3]
  6: [1, 4, 2, 3]
  7: [3, 5, 0, 7]
  8: [2, 1, 4, 7]
  9: [2, 8, 4, 1]
 10: [4, 2, 1, 8]
 11: [7, 0, 1, 3]
 12: [8, 7, 6, 2]
 13: [4, 6, 1, 8]
 14: [6, 0, 2, 1]
 15: [5, 0, 3, 4]
 16: [0, 3, 1, 8]
 17: [0, 2, 1, 7]
 18: [7, 2, 6, 3]
 19: [4, 1, 3, 7]
 20: [7, 1, 5, 0]
 21: [2, 0, 4, 8]
 22: [5, 1, 3, 7]
 23: [0, 7, 5, 4]
 24: [2, 8, 1, 6]
 25: [8, 2, 1, 5]
 26: [1, 7, 6, 2]
 27: [1, 6, 8, 4]
 28: [6, 2, 0, 7]
 29: [5, 2, 7, 3]
 30: [8, 1, 3, 2]
 31: [6, 4, 1, 7]
 32: [2, 5, 4, 1]
 33: [1, 5, 7, 2]
 34: [3, 7, 6, 1]
 35: [0, 4, 3, 2]
 36: [7, 1, 6, 2]
 37: [6, 1, 0, 3]
 38: [7, 2, 5, 8]
 39: [8, 5, 1, 3]
 40: [4, 6, 5, 7]
 41: [1, 6, 7, 8]
 42: [7, 1, 8, 6]
 43: [2, 3, 7, 0]
 44: [8, 2, 0, 6]
 45: [4, 1, 6, 8]
 46: [8, 4, 1, 5]
 47: [0, 5, 2, 6]
 48: [3, 6, 7, 5]
 49: [1, 3, 6, 7]
 50: [7, 2, 0, 5]
 51: [1, 2, 0, 3]
 52: [4, 3, 7, 0]
 53: [0, 2, 1, 8]
 54: [7, 1, 3, 6]
 55: [7, 2, 4, 3]
 56: [8, 5, 0, 3]
 57: [6, 2, 4, 5]
 58: [2, 0, 6, 4]
 59: [0, 4, 6, 3]
 60: [1, 2, 7, 4]
 61: [2, 4, 7, 5]
 62: [3, 8, 1, 4]
 63: [5, 7, 1, 2]
 64: [8, 4, 6, 1]
 65: [5, 6, 8, 7]
 66: [4, 0, 1, 6]
 67: [8, 6, 3, 7]
 68: [6, 3, 5, 1]
 69: [3, 8, 6, 1]
 70: [7, 2, 5, 4]
 71: [5, 1, 0, 3]
 72: [7, 3, 5, 8]
 73: [6, 4, 7, 0]
 74: [8, 5, 1, 7]
 75: [1, 8, 7, 5]
 76: [0, 7, 8, 2]
 77: [1, 8, 7, 3]
 78: [7, 0, 3, 2]
 79: [1, 5, 4, 8]
 80: [8, 0, 4, 1]
 81: [4, 5, 1, 3]
 82: [2, 0, 8, 6]
 83: [0, 8, 5, 7]
 84: [0, 8, 3, 1]
 85: [5, 3, 4, 2]
 86: [8, 2, 1, 7]
 87: [0, 1, 5, 3]
 88: [8, 7, 3, 6]
 89: [6, 5, 3, 4]
 90: [5, 7, 1, 6]
 91: [1, 7, 6, 5]
 92: [7, 0, 6, 1]
 93: [2, 0, 3, 8]
 94: [2, 0, 1, 7]
 95: [1, 0, 4, 8]
 96: [6, 7, 8, 3]
 97: [4, 2, 0, 5]
 98: [3, 1, 4, 5]
 99: [1, 6, 3, 0]
